0 -2 13
0 -2 10
1 14 21
0 -1 11
1 10 13
1 3 16
0 -2 10
0 -3 19
0 1 13
0 -5 15
1 3 23
0 -1 15
1 -1 27
1 1 10
0 1 1
1 -1 13
1 -6 12
1 6 24
1 5 20
1 -2 12
1 3 11
1 0 9
1 1 5
0 -4 16
0 0 13
0 0 22
0 -3 12
0 4 8
1 7 19
0 0 10
1 -2 22
0 2 12
0 -2 10
1 0 8
1 7 26
1 6 44
1 9 36
1 3 15
1 0 19
0 0 3
1 2 17
0 0 0
1 5 18
0 3 15
1 2 8
0 -2 26
0 -3 22
0 0 7
0 0 25
1 1 20
0 -1 22
1 -1 4
0 -1 11
1 2 18
0 -5 10
0 -4 11
1 3 27
1 6 11
1 1 18
1 0 14
1 1 10
1 3 9
1 3 16
1 0 11
0 8 30
0 8 20
1 4 9
0 -3 7
0 -2 26
0 -3 9
1 -4 11
0 -2 6
1 -1 13
1 5 17
0 1 6
0 -2 10
0 -4 8
0 0 16
0 -1 13
1 1 12
1 1 19
1 -1 18
0 -3 8
0 0 0
0 -2 30
0 -2 10
1 3 29
0 1 12
0 -5 8
1 12 28
0 -2 18
0 0 11
1 3 6
1 0 9
1 3 13
0 -1 17
0 -1 9
0 2 14
1 -2 10
0 -3 12
0 3 13
0 1 7
0 2 10
0 -4 8
1 1 2
1 -3 14
1 3 10
1 -1 10
0 1 13
0 0 0
0 -1 13
1 6 15
0 -3 10
1 5 16
1 2 12
0 -4 19
0 -1 12
1 1 6
0 -1 10
0 -2 13
1 -4 14
0 0 6
0 3 15
0 2 8
0 0 10
0 0 10
0 -1 10
0 0 4
1 2 7
0 -3 10
0 -3 19
1 1 19
0 0 0
0 -3 18
0 -3 12
0 -3 6
1 3 12
0 1 0
0 1 12
1 1 10
0 -1 10
1 2 7
0 -5 7
1 -3 6
1 5 16
1 0 8
0 0 7
1 6 17
0 1 7
0 1 10
1 3 8
0 -3 14
1 1 2
0 0 14
0 3 14
0 3 10
1 1 8
0 -2 8
1 -1 11
0 1 14
1 -2 27
0 1 7
0 -6 29
1 2 13
0 5 11
1 1 10
0 0 4
0 -4 24
0 0 10
0 -3 15
0 0 7
0 -5 8
1 4 13
1 -2 19
1 3 12
0 -1 15
1 0 13
0 -5 11
1 1 15
1 4 22
0 -2 9
1 -2 12
0 -4 15
1 1 7
1 9 21
0 -5 21
1 1 19
1 2 38
0 -4 9
1 4 16
0 1 16
1 -2 14
1 4 17
0 -1 13
1 1 20
1 2 15
1 6 24
0 -2 20
0 -1 8
1 2 20
1 -4 8
0 7 16
1 0 0
1 1 13
0 -5 11
0 -2 15
0 -8 29
1 3 22
1 1 15
0 -6 20
0 -3 9
0 1 11
1 1 27
0 -9 9
1 5 25
0 1 10
0 -2 16
1 3 13
1 1 5
0 -5 14
0 -6 9
1 0 13
1 8 15
1 10 14
1 2 21
1 1 17
1 8 17
1 0 8
1 1 8
0 -7 16
0 -3 9
0 -7 12
0 -4 12
1 -4 14
1 1 12
1 1 10
1 4 16
0 8 22
0 -2 9
1 5 17
1 -2 9
1 -2 7
1 6 26
0 1 13
0 -8 13
1 3 14
0 0 13
1 8 16
0 -6 22
0 -4 21
0 1 14
1 0 8
1 -1 19
1 4 15
1 5 7
1 -5 13
1 3 24
1 1 10
0 0 13
0 0 7
1 0 11
0 -4 9
1 0 16
0 -1 7
0 1 12
0 -2 4
0 2 29
0 -3 15
0 0 5
1 -1 17
1 6 17
1 1 10
0 1 30
0 -2 12
0 3 17
1 0 19
0 -2 12
0 1 10
1 3 11
1 2 16
0 3 9
1 1 8
0 0 1
0 -5 16
1 -1 34
0 -3 8
1 -2 25
0 -6 11
0 -2 23
1 5 14
1 3 28
0 -2 12
0 2 14
1 0 2
0 -3 10
0 -1 12
1 -2 27
0 -1 9
1 0 11
0 0 23
1 -2 18
1 -1 11
0 -1 6
1 5 12
0 -5 8
1 3 14
1 1 17
0 2 9
1 3 20
0 -1 7
0 -1 7
1 2 17
1 2 14
0 0 0
1 1 17
0 -4 20
1 3 20
1 0 10
1 1 2
0 -1 8
1 -2 14
0 -1 17
0 7 10
1 -2 8
0 -2 11
1 -1 10
1 2 13
0 -1 6
0 1 19
1 0 16
0 -1 19
0 -7 15
0 2 27
0 0 12
0 0 10
0 -3 12
1 -1 23
1 2 27
1 4 14
1 -5 19
1 1 16
1 0 2
1 4 33
1 0 18
1 9 13
1 -3 26
0 2 8
1 4 17
0 -3 13
1 3 17
0 -2 10
0 2 13
1 5 19
1 9 18
1 0 17
1 4 22
1 6 22
1 3 13
1 5 27
1 4 32
1 1 14
0 -3 16
1 7 18
1 2 15
0 -3 12
1 8 13
0 -6 11
1 0 11
1 3 17
1 9 45
1 4 9
0 -2 8
1 5 19
1 -8 16
1 -1 24
0 2 14
0 -2 14
1 8 15
0 1 40
1 10 12
0 1 33
0 -2 11
0 -1 13
0 -2 12
0 -7 14
0 1 8
0 -2 11
1 -4 13
0 -1 9
1 6 19
0 3 17
0 -2 9
1 1 14
0 -1 15
0 2 23
0 6 15
1 0 10
1 6 54
0 -1 14
1 1 8
1 -3 15
0 -4 15
0 0 9
0 -6 14
0 -4 12
0 -6 6
0 -6 14
0 0 15
1 -1 6
0 -2 10
1 6 19
0 -2 11
1 -2 14
0 -1 13
1 -3 31
0 -3 3
1 1 16
0 -4 10
1 0 22
1 5 25
1 0 15
1 -4 18
1 1 13
1 0 21
1 2 14
1 1 15
0 3 2
1 10 32
1 -2 14
0 -1 15
1 1 37
0 -1 11
0 -3 14
0 -4 9
0 1 6
0 -3 7
0 -1 13
0 -8 10
1 6 37
1 2 20
1 -1 12
0 -6 7
1 4 29
1 -3 16
1 3 9
1 5 15
0 0 22
0 3 23
0 -4 12
1 4 18
1 1 9
0 2 17
0 -1 6
1 3 21
1 9 16
1 0 24
0 2 16
0 3 17
0 2 20
1 3 12
1 -1 12
1 5 18
0 3 13
0 -2 10
1 1 10
1 0 11
0 -1 5
0 1 8
0 -1 10
1 -1 13
0 2 10
1 3 15
0 -3 14
0 1 10
1 -6 26
1 12 36
0 0 3
1 1 11
1 3 15
0 4 18
0 0 23
1 0 6
1 -1 12
1 4 20
0 1 13
0 -1 15
0 -2 18
0 1 12
0 1 15
1 1 13
1 -1 10
1 -1 18
1 1 10
1 0 19
1 1 12
1 4 11
0 1 10
0 -1 12
0 -1 7
0 1 10
1 -1 22
1 11 28
0 1 20
1 0 13
0 1 12
1 3 12
1 -2 17
0 0 20
1 0 11
1 -1 12
0 1 14
0 -2 7
1 2 11
0 3 15
1 1 1
0 -2 9
0 0 6
1 -2 4
0 -1 7
0 1 10
1 5 10
0 -1 9
1 2 28
0 -1 9
0 -1 15
0 0 10
0 -8 19
0 -3 7
0 2 15
0 -5 10
0 -5 9
0 -1 7
0 -4 14
0 -1 8
1 8 17
1 3 15
0 -2 15
0 -4 17
1 1 22
1 4 16
0 -1 9
0 -1 11
0 -6 12
1 1 14
1 4 19
0 -2 13
1 3 21
0 0 12
0 -1 17
1 3 10
1 0 21
0 0 0
1 2 15
1 1 29
1 6 16
1 2 17
1 2 8
1 -2 11
0 -5 15
1 -1 12
0 -2 7
1 1 10
1 2 15
0 0 8
0 -2 15
0 -1 7
0 -3 11
1 6 23
0 6 29
0 -3 12
1 -3 11
1 6 16
1 1 5
0 7 28
0 1 11
1 -1 14
0 -2 22
1 -2 9
0 -1 19
1 -7 15
1 3 27
1 0 22
0 0 6
0 1 16
1 2 21
1 1 20
1 10 22
0 -7 13
0 -1 10
1 3 23
1 -1 11
1 2 14
0 -4 10
0 -5 12
1 0 13
1 3 17
1 3 18
1 1 6
0 -3 5
0 -2 16
0 0 10
0 0 9
1 6 20
0 -3 8
0 -6 10
0 -4 5
1 0 18
1 1 17
0 -5 16
1 -3 25
0 0 3
0 -1 25
1 6 18
0 -2 9
0 5 10
1 1 19
0 -7 23
1 -1 47
1 -1 4
1 2 22
1 1 15
1 3 10
0 -1 14
0 0 21
0 -2 16
1 -4 13
0 -4 0
1 -1 10
1 -1 8
0 -3 10
0 1 10
0 0 12
0 -3 5
0 -2 10
1 8 43
0 -1 14
1 2 12
0 4 16
0 -6 13
0 -1 12
0 0 11
0 3 12
1 1 3
1 -3 10
1 2 21
1 -1 10
0 2 17
0 -5 8
0 2 9
0 1 2
0 -2 11
0 -5 6
0 2 12
0 0 0
1 3 31
0 3 28
0 1 9
0 3 15
1 2 4
1 -4 11
1 1 25
1 1 14
0 3 17
0 -2 16
1 2 16
0 1 15
0 -5 5
0 -1 12
0 1 2
0 2 36
1 0 13
1 -2 18
1 -2 25
1 3 17
0 1 0
1 4 21
1 -2 31
1 9 19
1 -4 11
0 1 16
1 1 8
1 2 10
1 3 12
0 -1 10
0 -2 7
0 3 12
0 0 2
0 0 4
0 -1 12
0 1 11
0 0 0
1 0 8
0 -1 8
1 -2 17
0 0 0
1 1 21
0 -2 14
1 -2 7
1 4 11
0 1 0
0 1 12
0 2 13
0 -2 7
1 -2 15
0 -1 3
0 -2 12
1 -8 13
0 4 15
0 -4 14
1 0 15
0 -2 11
1 1 13
0 -3 8
1 4 13
0 -1 12
0 -1 10
1 -1 9
0 -5 10
0 -3 25
0 2 24
0 -4 10
1 -1 2
1 -1 18
0 -4 25
1 6 20
0 -5 9
0 2 9
1 7 23
0 -1 14
1 3 18
0 -6 12
1 11 22
1 -2 14
1 2 14
1 7 18
0 0 13
1 4 8
1 -1 14
0 0 9
0 -3 16
1 3 22
1 0 25
0 1 7
1 2 20
0 1 9
1 3 27
0 0 11
1 -2 14
0 -5 15
0 -9 17
0 0 16
1 -2 15
1 4 25
0 4 16
1 -5 9
0 -1 19
1 -2 20
0 -3 13
0 -3 16
1 -4 15
0 2 15
0 0 9
0 -4 11
1 3 19
0 -3 16
1 4 21
1 8 18
0 2 9
1 -3 20
1 3 9
0 2 10
0 -2 14
0 -5 13
0 -2 8
0 3 13
1 4 8
1 2 15
0 -3 17
0 6 20
0 -4 15
0 -5 8
1 3 31
1 2 18
0 5 31
1 1 9
1 5 19
0 4 10
0 1 13
1 -1 17
0 3 11
0 -3 21
1 -3 13
1 -1 15
1 1 14
1 3 23
1 7 15
1 -1 8
1 -1 20
1 -5 27
1 0 10
1 -3 10
0 3 15
0 -3 8
0 -1 16
0 1 13
1 -3 31
1 15 25
1 -1 11
0 -2 17
0 2 15
0 -3 19
0 0 17
0 0 13
1 0 17
1 -1 8
1 4 15
0 -1 8
0 0 0
1 -2 13
0 -1 14
0 -3 21
0 1 0
1 5 21
0 1 15
1 -1 18
1 2 8
1 2 12
1 2 14
1 2 8
0 5 18
0 -1 10
0 1 13
0 -3 16
0 5 17
0 -1 8
0 7 64
1 1 17
0 -7 11
1 1 16
1 -3 16
0 -2 17
0 -1 11
0 5 16
0 5 9
0 -1 7
1 4 15
1 1 17
1 -2 5
0 -2 11
1 3 17
0 -4 17
0 -2 9
1 0 8
0 -2 4
0 0 13
0 -1 22
0 -2 20
0 -1 12
0 0 14
0 0 0
1 0 0
0 0 2
0 2 5
1 2 10
1 -1 28
0 0 8
0 0 5
1 4 13
1 0 10
0 1 12
0 0 0
0 0 21
1 3 8
0 4 17
0 5 14
0 0 14
0 1 14
0 3 13
1 2 14
0 -1 13
0 0 11
1 -4 21
1 8 18
1 0 0
0 -3 10
1 3 19
1 1 2
0 -2 16
0 -1 17
0 -2 9
0 1 2
1 2 4
1 2 11
0 -2 9
0 1 11
0 -3 11
0 1 1
1 0 9
1 -2 9
1 0 3
1 8 26
0 1 11
1 2 17
0 0 8
OK :  585
KO :  319
